#period	period time	calc time
1	2242	999
2	1749	749
3	1500	1746
4	2247	498
5	1246	1003
6	1753	496
7	1246	1010
8	1764	492
9	1235	1000
10	1995	1259
11	2003	749
12	1246	1251
13	1746	749
14	1248	1003
15	1755	747
16	1495	1250
17	2000	1253
18	1748	1000
19	1501	1251
20	1494	1002
21	1754	746
22	1495	1251
23	1749	752
24	2000	1000
25	1746	755
26	1503	997
27	1496	999
28	1753	996
29	1495	1002
30	1747	757
31	1999	750
32	1250	998
33	1746	750
34	1499	1250
35	1749	749
36	1496	1007
37	1998	1000
38	1749	750
39	1249	1501
40	1749	1000
41	1748	500
42	1249	1252
43	1999	1253
44	1748	1247
45	1497	1749
46	1998	1250
47	1748	999
48	1500	1256
49	1500	1250
50	2248	1249
51	1749	1249
52	1750	998
53	1498	1002
54	1502	1246
55	1495	998
56	1747	999
57	2002	1253
58	1745	1001
59	1500	1000
60	1501	1252
61	1497	1000
62	1749	749
63	1502	1746
64	2249	996
65	1495	1000
66	1499	1254
67	1500	998
68	1751	745
69	1499	1500
70	2494	1001
71	1747	500
72	1498	754
73	1500	1002
74	1499	1000
75	1752	997
76	1749	1498
77	1996	1000
78	1499	998
79	1497	1257
80	1500	998
81	1751	999
82	1747	1257
83	2250	998
84	1746	499
85	1499	750
86	1498	1001
87	1499	998
88	1752	996
89	1497	1497
90	1996	1251
91	1499	1250
92	1749	999
93	1498	999
94	1748	1000
95	1497	1250
96	2501	748
97	1495	1000
98	1501	1250
99	1749	1249
100	1498	1001
101	1749	752
102	1501	1497
103	1996	1000
104	1502	1245
105	1744	1003
106	1500	1000
107	1748	749
108	1500	999
109	2247	1250
110	1499	1250
111	1752	1247
112	1748	996
113	1496	1000
114	1499	999
115	1498	1749
116	2748	1249
117	1748	1006
118	1501	1012
119	1753	751
120	1495	1000
121	1497	1754
122	2499	999
123	1496	1253
124	1752	1004
125	1503	998
126	1497	1001
127	1497	999
128	2499	1248
129	1499	1008
130	1745	1004
131	1501	998
132	1494	1249
133	1748	999
134	1500	1751
135	2249	1000
136	1498	1248
137	1756	994
138	1495	996
139	1494	1249
140	1749	1002
141	2251	1497
142	1996	1004
143	1499	1000
144	1748	1000
145	1500	1253
146	1748	999
147	2498	1000
148	1501	999
149	1496	1248
150	1497	1250
151	1748	1253
152	1748	1251
153	1499	1752
154	2248	999
155	1499	1249
156	1749	998
157	1497	1250
158	1748	1000
159	1499	1504
160	2501	998
161	1497	1002
162	1499	1249
163	1748	1263
164	1500	1251
165	1747	1003
166	1499	1749
167	2260	989
168	1487	1250
169	1753	996
170	1495	999
171	1749	750
172	2499	1000
173	1498	1257
174	1752	999
175	1495	1253
176	1749	1004
177	1503	998
178	2245	999
179	1748	1000
180	1752	748
181	1506	996
182	1492	1250
183	1746	503
184	1499	754
185	1998	755
186	1252	998
187	1498	1002
188	1498	749
189	1250	996
190	1494	749
191	1251	1006
192	2499	499
193	1249	999
194	1498	999
195	1498	501
196	1250	1000
197	1496	1000
198	1499	755
199	1501	1499
200	1999	499
201	1248	1001
202	1497	749
203	1499	499
204	1249	998
205	1498	1000
206	2252	996
207	1495	748
208	1248	999
209	1500	998
210	1498	999
211	1499	999
212	1499	999
213	2000	998
214	1497	1000
215	1499	999
216	1500	497
217	1247	1000
218	1499	749
219	1498	750
220	1249	1498
221	1998	1000
222	1502	496
223	1246	748
224	1499	998
225	1498	749
226	1250	998
227	1498	1498
228	1997	1006
229	1500	999
230	1499	999
231	1498	999
232	1499	499
233	1255	743
234	1242	1752
235	2500	499
236	1249	749
237	1499	749
238	1502	746
239	1245	999
240	1498	1001
241	1499	754
242	1999	999
243	1496	499
244	1254	1007
245	1499	743
246	1495	753
247	1247	998
248	1497	999
249	1497	2498
250	3247	998
251	1500	749
252	1508	493
253	1247	1000
254	1499	1001
255	1493	498
256	1496	501
257	1999	498
258	1250	998
259	1504	750
260	1497	496
261	1248	1002
262	1497	1002
263	1754	1499
264	1997	750
265	1499	749
266	1248	999
267	1497	1001
268	1498	496
269	1494	501
270	2001	497
271	1245	1000
272	1500	750
273	1499	499
274	1251	999
275	1498	499
276	1246	1752
277	2250	500
278	1249	999
279	1498	749
280	1251	998
281	1497	999
282	1499	749
283	2248	1250
284	1749	749
285	1499	503
286	1249	999
287	1498	750
288	1499	497
289	1250	1496
290	1999	998
291	1496	999
292	1505	496
293	1495	500
294	1247	1000
295	1500	752
296	2249	1004
297	1502	745
298	1501	496
299	1241	1001
300	1499	1255
301	1754	747
302	1496	1497
303	1996	500
304	1249	750
305	1499	1000
306	1498	499
307	1247	1006
308	1501	1250
309	2247	1001
310	1499	999
311	1502	747
312	1245	1000
313	1499	999
314	1499	499
315	1498	1497
316	1997	502
317	1249	756
318	1502	1000
319	1497	752
320	1254	997
321	1495	1247
322	2246	999
323	1747	500
324	1252	998
325	1498	753
326	1501	498
327	1246	750
328	1501	1498
329	1997	500
330	1247	1000
331	1499	1002
332	1500	504
333	1249	999
334	1499	1001
335	2249	999
336	1498	749
337	1499	499
338	1248	750
339	1503	495
340	1253	996
341	1492	1745
342	2244	1002
343	1502	498
344	1498	499
345	1249	999
346	1498	1000
347	1499	500
348	2249	499
349	1249	999
350	1498	750
351	1249	1001
352	1498	1000
353	1499	498
354	2001	501
355	1254	998
356	1497	998
357	1497	500
358	1244	754
359	1502	498
360	1500	1498
361	1996	999
362	1498	1004
363	1501	500
364	1248	999
365	1498	748
366	1248	1502
367	2499	499
368	1246	998
369	1503	998
370	1496	500
371	1249	1000
372	1499	999
373	1498	1497
374	1996	749
375	1499	500
376	1249	1002
377	1500	997
378	1497	508
379	1251	747
380	2246	999
381	1505	496
382	1243	748
383	1498	499
384	1250	998
385	1498	1002
386	1499	1498
387	1997	999
388	1500	998
389	1498	749
390	1248	1002
391	1499	999
392	1499	750
393	1749	1248
394	1751	996
395	1496	500
396	1249	1003
397	1502	1000
398	1497	751
399	1996	1003
400	1498	999
401	1499	999
402	1499	751
403	1499	499
404	1250	1004
405	1748	1248
406	1998	499
407	1251	746
408	1499	499
409	1249	999
410	1497	1000
411	1499	1251
412	2251	745
413	1245	999
414	1499	1001
415	1502	1000
416	1496	499
417	1253	746
418	1498	1496
419	1995	998
420	1499	500
421	1248	1000
422	1500	500
423	1249	999
424	1499	1000
425	2248	999
426	1498	750
427	1500	499
428	1248	750
429	1500	499
430	1246	998
431	1498	1753
432	2251	500
433	1249	999
434	1498	1000
435	1497	499
436	1249	748
437	1499	999
438	2248	999
439	1499	755
440	1531	474
441	1224	1008
442	1499	496
443	1252	1265
444	1745	496
445	1750	1295
446	1497	494
447	1280	712
448	1459	499
449	1249	999
450	1499	998
451	1500	1497
452	1996	500
453	1249	749
454	1250	1001
455	1499	997
456	1499	752
457	1498	499
458	1499	1499
459	1754	996
460	1493	999
461	1499	499
462	1248	1001
463	1499	1001
464	1503	1245
465	2244	754
466	1499	500
467	1252	1000
468	1498	999
469	1498	501
470	1247	1251
471	1501	1496
472	1999	996
473	1495	999
474	1498	501
475	1257	998
476	1494	749
477	1498	1002
478	2248	753
479	1250	998
480	1497	1000
481	1500	999
482	1249	999
483	1749	749
484	1249	1749
485	1998	999
486	1499	998
487	1498	751
488	1253	995
489	1494	501
490	1499	998
491	1996	1000
492	1499	999
493	1499	1002
494	1499	506
495	1251	750
496	1249	1252
497	1746	750
498	1749	998
499	1497	999
500	1500	499
501	1249	998
502	1498	749
503	1498	999
504	1750	1247
505	1996	499
506	1249	749
507	1249	999
508	1499	1001
509	1499	750
510	1499	506
511	2000	501
512	1251	999
513	1497	749
514	1499	497
515	1246	999
516	1499	499
517	1250	1750
518	2248	500
519	1252	1001
520	1495	751
521	1258	992
522	1490	1009
523	1503	1001
524	1746	1246
525	1746	998
526	1498	1004
527	1502	498
528	1246	1000
529	1499	1253
530	1500	1999
531	2248	999
532	1498	999
533	1499	753
534	1499	500
535	1250	2207
536	2210	12
537	291	1494
538	2242	499
539	1249	757
540	1251	1004
541	1498	1002
542	1499	753
543	1501	498
544	1459	1537
545	2037	500
546	1250	999
547	1498	749
548	1248	1000
549	1748	498
550	1998	1001
551	1499	999
552	1499	999
553	1501	498
554	1247	998
555	1749	499
556	1250	1248
557	1999	499
558	1246	749
559	1499	499
560	1248	999
561	1499	999
562	1501	1000
563	2246	499
564	1503	497
565	1245	1000
566	1500	752
567	1498	750
568	1249	998
569	1499	1497
570	1997	999
571	1498	748
572	1502	501
573	1249	996
574	1495	1250
575	1499	999
576	2248	999
577	1498	1000
578	1499	506
579	1251	1001
580	1499	753
581	1252	998
582	1502	1494
583	2240	498
584	1257	997
585	1495	500
586	1246	997
587	1751	498
588	1244	1005
589	1752	1502
590	2001	497
591	1244	999
592	1498	749
593	1498	500
594	1249	999
595	1506	1245
596	2240	750
597	1249	1003
598	1498	499
599	1250	999
600	1747	500
601	1249	999
602	1747	1248
603	1997	501
604	1256	995
605	1495	999
606	1499	499
607	1248	1000
608	1500	1247
609	2245	749
610	1248	999
611	1499	999
612	1499	499
613	1249	1251
614	1499	999
615	1499	1498
616	2001	996
617	1496	501
618	1253	748
619	1495	499
620	1501	500
621	1496	499
622	1999	998
623	1497	499
624	1499	502
625	1249	999
626	1499	1249
627	1499	1500
628	2248	1253
629	1749	1000
630	1501	1001
631	1498	755
632	1450	1051
633	1549	998
634	1498	1499
635	2046	704
636	1200	1000
637	1499	998
638	1496	999
639	1499	1001
640	1501	997
641	2252	746
642	1244	1005
643	1502	996
644	1498	495
645	1493	1002
646	1498	499
647	1253	1747
648	2246	499
649	1250	997
650	1496	1007
651	1501	498
652	1248	1002
653	1499	998
654	1499	1497
655	1996	499
656	1251	998
657	1498	1000
658	1499	1000
659	1499	999
660	1502	1745
661	2244	1000
662	1501	497
663	1247	999
664	1496	999
665	1750	498
666	1247	1004
667	2247	750
668	1499	1005
669	1503	496
670	1245	1000
671	1499	1000
672	1748	499
673	1749	999
674	1502	749
675	1246	998
676	1498	999
677	1748	1249
678	1750	999
679	2248	999
680	1499	505
681	1251	999
682	1499	499
683	1249	999
684	1499	999
685	1502	746
686	1745	999
687	1499	999
688	1499	752
689	1250	999
690	1751	497
691	1250	743
692	1741	1256
693	1753	1001
694	1499	503
695	1245	999
696	1497	1007
697	1503	998
698	1494	1503
699	1999	1252
700	1750	999
701	1501	746
702	1498	997
703	1500	744
704	1496	500
705	2002	996
706	1495	499
707	1249	999
708	1507	747
709	1488	999
710	1498	499
711	2000	499
712	1248	1002
713	1501	1001
714	1499	1000
715	1498	1000
716	1500	999
717	1748	1253
718	1752	995
719	1496	748
720	1499	497
721	1246	1001
722	1499	999
723	1499	748
724	1997	999
725	1499	999
726	1500	507
727	1259	988
728	1487	999
729	1499	1004
730	1750	1248
731	1748	1001
732	1500	1000
733	1499	500
734	1249	999
735	1499	1006
736	1500	751
737	1996	999
738	1498	1000
739	1498	500
740	1251	997
741	1497	1001
742	1500	1001
743	1500	1251
744	2000	498
745	1246	747
746	1246	999
747	1748	500
748	1252	1247
749	1746	750
750	1998	998
751	1498	1002
752	1501	497
753	1996	755
754	1499	499
755	1249	1000
756	2249	998
757	1497	1001
758	1499	499
759	1253	1005
760	1505	1001
761	1492	999
762	1501	747
763	1743	999
764	1499	750
765	1248	1000
766	1499	1005
767	1502	996
768	1494	1002
769	1752	1245
770	1745	1001
771	1501	999
772	1499	749
773	1501	501
774	1250	997
775	1494	1249
776	2247	499
777	1253	998
778	1501	495
779	1493	749
780	1250	997
781	1497	1000
782	1500	1498
783	1998	500
784	1248	749
785	1504	754
786	1499	744
787	1493	750
788	1249	1001
789	2249	750
790	1499	499
791	1248	999
792	1499	999
793	1498	1000
794	1500	998
795	1997	499
796	1248	1000
797	1508	743
798	1491	999
799	1498	748
800	1248	1007
801	2250	749
802	1498	499
803	1247	1005
804	1750	499
805	1248	1000
806	1499	999
807	1498	752
808	1750	999
809	1499	748
810	1499	747
811	1247	999
812	1498	999
813	1502	996
814	2248	746
815	1498	500
816	1247	999
817	1753	498
818	1246	999
819	1500	1000
820	1496	752
821	1750	1005
822	1502	748
823	1496	749
824	1248	997
825	1496	1002
826	1499	1000
827	1503	1247
828	2000	499
829	1245	1000
830	1497	1252
831	1499	999
832	1499	751
833	1501	751
834	1998	748
835	1283	964
836	1462	1249
837	1499	999
838	1499	999
839	1500	997
840	1498	1248
841	1999	500
842	1248	1002
843	1507	1246
844	1490	1003
845	1499	999
846	1498	751
847	1999	1001
848	1498	749
849	1498	750
850	1250	1004
851	1505	997
852	1495	997
853	1495	751
854	1748	754
855	1500	502
856	1254	998
857	1743	499
858	1251	750
859	1499	498
860	1248	1251
861	2000	498
862	1249	748
863	1503	1001
864	1500	744
865	1496	498
866	1245	999
867	2000	1001
868	1501	997
869	1493	751
870	1250	999
871	1499	997
872	1497	1003
873	2001	1000
874	1247	999
875	1757	995
876	1497	744
877	1494	499
878	1248	999
879	1750	499
880	1746	749
881	1500	531
882	1255	994
883	1493	1248
884	1750	998
885	1498	750
886	1747	1002
887	1501	499
888	1497	998
889	1497	499
890	1502	495
891	1250	995
892	2784	10
893	962	1005
894	1502	750
895	1495	997
896	1497	502
897	1504	495
898	1999	1000
899	1498	757
900	1500	1000
901	1497	999
902	1498	750
903	1250	1009
904	1754	1246
905	1747	995
906	1495	749
907	1499	999
908	1500	498
909	1254	998
910	1495	499
911	1995	500
912	1254	744
913	1493	999
914	1499	750
915	1499	499
916	1251	999
917	1499	1497
918	1746	1007
919	1657	594
920	1340	1003
921	1505	997
922	1494	499
923	1251	998
924	2247	1001
925	1498	499
926	1498	1000
927	1501	755
928	1499	500
929	1250	1000
930	1498	1498
931	1997	749
932	1499	500
933	1250	1001
934	1498	999
935	1499	499
936	1498	500
937	1503	1245
938	1744	999
939	1499	1256
940	1511	987
941	1484	1001
942	1499	750
943	1249	1752
944	2250	1003
945	1503	749
946	1496	1250
947	1749	749
948	1498	500
949	1249	999
950	2246	749
951	1499	499
952	1503	745
953	1495	499
954	1249	998
955	1498	999
956	1501	1247
957	1746	999
958	1503	745
959	1500	994
960	1494	499
961	1251	1000
962	1498	1003
963	2248	1000
964	1499	500
965	1499	749
966	1501	500
967	1247	998
968	1500	1000
969	1494	750
970	1754	998
971	1495	748
972	1499	999
973	1498	498
974	1246	1006
975	1504	997
976	1744	1248
977	1748	1002
978	1500	998
979	1499	747
980	1498	499
981	1252	998
982	1497	1249
983	2000	1002
984	1500	745
985	1497	999
986	1498	500
987	1248	1000
988	1498	999
